5.78034418e-08
6.32430892e-08
6.91768197e-08
7.56477908e-08
8.27027683e-08
9.03924140e-08
9.87715941e-08
1.07899711e-07
1.17841060e-07
1.28665212e-07
1.40447424e-07
1.53269083e-07
1.67218174e-07
1.82389796e-07
1.98886698e-07
2.16819870e-07
2.36309162e-07
2.57483961e-07
2.80483904e-07
3.05459647e-07
3.32573689e-07
3.62001250e-07
3.93931213e-07
4.28567128e-07
4.66128288e-07
5.06850879e-07
5.50989202e-07
5.98816988e-07
6.50628791e-07
7.06741481e-07
7.67495835e-07
8.33258232e-07
9.04422460e-07
9.81411641e-07
1.06468028e-06
1.15471647e-06
1.25204416e-06
1.35722569e-06
1.47086441e-06
1.59360744e-06
1.72614867e-06
1.86923191e-06
2.02365426e-06
2.19026964e-06
2.36999262e-06
2.56380236e-06
2.77274693e-06
2.99794778e-06
3.24060453e-06
3.50200003e-06
3.78350574e-06
4.08658737e-06
4.41281094e-06
4.76384906e-06
5.14148775e-06
5.54763345e-06
5.98432059e-06
6.45371949e-06
6.95814474e-06
7.50006406e-06
8.08210758e-06
8.70707774e-06
9.37795959e-06
1.00979318e-05
1.08703780e-05
1.16988993e-05
1.25873266e-05
1.35397341e-05
1.45604539e-05
1.56540901e-05
1.68255352e-05
1.80799858e-05
1.94229603e-05
2.08603169e-05
2.23982723e-05
2.40434220e-05
2.58027609e-05
2.76837053e-05
2.96941158e-05
3.18423211e-05
3.41371435e-05
3.65879248e-05
3.92045542e-05
4.19974963e-05
4.49778221e-05
4.81572395e-05
5.15481266e-05
5.51635655e-05
5.90173781e-05
6.31241633e-05
6.74993356e-05
7.21591655e-05
7.71208213e-05
8.24024131e-05
8.80230382e-05
9.40028281e-05
1.00362998e-04
1.07125897e-04
1.14315062e-04
1.21955273e-04
1.30072608e-04
1.38694505e-04
1.47849821e-04
1.57568895e-04
1.67883617e-04
1.78827492e-04
1.90435712e-04
2.02745228e-04
2.15794828e-04
2.29625207e-04
2.44279054e-04
2.59801132e-04
2.76238361e-04
2.93639908e-04
3.12057274e-04
3.31544388e-04
3.52157703e-04
3.73956291e-04
3.97001946e-04
4.21359284e-04
4.47095852e-04
4.74282230e-04
5.02992149e-04
5.33302598e-04
5.65293944e-04
5.99050047e-04
6.34658383e-04
6.72210165e-04
7.11800470e-04
7.53528366e-04
7.97497042e-04
8.43813942e-04
8.92590896e-04
9.43944259e-04
9.97995047e-04
1.05486908e-03
1.11469712e-03
1.17761502e-03
1.24376387e-03
1.31329011e-03
1.38634574e-03
1.46308841e-03
1.54368161e-03
1.62829478e-03
1.71710348e-03
1.81028957e-03
1.90804129e-03
2.01055348e-03
2.11802768e-03
2.23067229e-03
2.34870273e-03
2.47234159e-03
2.60181874e-03
2.73737149e-03
2.87924474e-03
3.02769111e-03
3.18297105e-03
3.34535301e-03
3.51511353e-03
3.69253738e-03
3.87791767e-03
4.07155597e-03
4.27376241e-03
4.48485576e-03
4.70516357e-03
4.93502221e-03
5.17477699e-03
5.42478218e-03
5.68540113e-03
5.95700629e-03
6.23997926e-03
6.53471083e-03
6.84160099e-03
7.16105898e-03
7.49350324e-03
7.83936144e-03
8.19907044e-03
8.57307627e-03
8.96183404e-03
9.36580793e-03
9.78547108e-03
1.02213055e-02
1.06738019e-02
1.11434598e-02
1.16307870e-02
1.21362998e-02
1.26605224e-02
1.32039874e-02
1.37672346e-02
1.43508117e-02
1.49552735e-02
1.55811817e-02
1.62291049e-02
1.68996178e-02
1.75933011e-02
1.83107415e-02
1.90525306e-02
1.98192649e-02
2.06115456e-02
2.14299775e-02
2.22751692e-02
2.31477321e-02
2.40482803e-02
2.49774296e-02
2.59357971e-02
2.69240010e-02
2.79426594e-02
2.89923898e-02
3.00738088e-02
3.11875309e-02
3.23341682e-02
3.35143294e-02
3.47286190e-02
3.59776369e-02
3.72619771e-02
3.85822273e-02
3.99389678e-02
4.13327707e-02
4.27641989e-02
4.42338054e-02
4.57421323e-02
4.72897097e-02
4.88770551e-02
5.05046720e-02
5.21730491e-02
5.38826595e-02
5.56339591e-02
5.74273865e-02
5.92633609e-02
6.11422818e-02
6.30645277e-02
6.50304551e-02
6.70403974e-02
6.90946635e-02
7.11935375e-02
7.33372769e-02
7.55261119e-02
7.77602441e-02
8.00398458e-02
8.23650586e-02
8.47359924e-02
8.71527247e-02
8.96152990e-02
9.21237245e-02
9.46779743e-02
9.72779853e-02
9.99236566e-02
1.02614849e-01
1.05351383e-01
1.08133040e-01
1.10959559e-01
1.13830639e-01
1.16745935e-01
1.19705057e-01
1.22707575e-01
1.25753009e-01
1.28840837e-01
1.31970491e-01
1.35141354e-01
1.38352764e-01
1.41604011e-01
1.44894336e-01
1.48222934e-01
1.51588949e-01
1.54991477e-01
1.58429566e-01
1.61902215e-01
1.65408372e-01
1.68946937e-01
1.72516763e-01
1.76116651e-01
1.79745355e-01
1.83401581e-01
1.87083985e-01
1.90791179e-01
1.94521724e-01
1.98274138e-01
2.02046890e-01
2.05838406e-01
2.09647067e-01
2.13471210e-01
2.17309129e-01
2.21159079e-01
2.25019272e-01
2.28887880e-01
2.32763039e-01
2.36642847e-01
2.40525366e-01
2.44408624e-01
2.48290618e-01
2.52169312e-01
2.56042641e-01
2.59908512e-01
2.63764806e-01
2.67609380e-01
2.71440069e-01
2.75254687e-01
2.79051029e-01
2.82826874e-01
2.86579988e-01
2.90308122e-01
2.94009020e-01
2.97680414e-01
3.01320035e-01
3.04925607e-01
3.08494855e-01
3.12025504e-01
3.15515284e-01
3.18961931e-01
3.22363187e-01
3.25716808e-01
3.29020562e-01
3.32272233e-01
3.35469623e-01
3.38610555e-01
3.41692875e-01
3.44714455e-01
3.47673193e-01
3.50567021e-01
3.53393902e-01
3.56151833e-01
3.58838850e-01
3.61453030e-01
3.63992490e-01
3.66455393e-01
3.68839948e-01
3.71144412e-01
3.73367095e-01
3.75506359e-01
3.77560621e-01
3.79528354e-01
3.81408092e-01
3.83198429e-01
3.84898019e-01
3.86505584e-01
3.88019910e-01
3.89439849e-01
3.90764323e-01
3.91992325e-01
3.93122917e-01
3.94155237e-01
3.95088492e-01
3.95921968e-01
3.96655023e-01
3.97287096e-01
3.97817697e-01
3.98246419e-01
3.98572931e-01
3.98796981e-01
3.98918395e-01
3.98937080e-01
3.98853022e-01
3.98666285e-01
3.98377014e-01
3.97985431e-01
3.97491840e-01
3.96896621e-01
3.96200232e-01
3.95403209e-01
3.94506164e-01
3.93509787e-01
3.92414841e-01
3.91222162e-01
3.89932662e-01
3.88547323e-01
3.87067196e-01
3.85493406e-01
3.83827140e-01
3.82069656e-01
3.80222274e-01
3.78286378e-01
3.76263413e-01
3.74154884e-01
3.71962354e-01
3.69687441e-01
3.67331816e-01
3.64897204e-01
3.62385378e-01
3.59798158e-01
3.57137411e-01
3.54405046e-01
3.51603013e-01
3.48733300e-01
3.45797931e-01
3.42798966e-01
3.39738492e-01
3.36618630e-01
3.33441523e-01
3.30209340e-01
3.26924273e-01
3.23588531e-01
3.20204341e-01
3.16773942e-01
3.13299588e-01
3.09783541e-01
3.06228068e-01
3.02635444e-01
2.99007943e-01
2.95347842e-01
2.91657413e-01
2.87938923e-01
2.84194633e-01
2.80426796e-01
2.76637651e-01
2.72829424e-01
2.69004326e-01
2.65164550e-01
2.61312269e-01
2.57449635e-01
2.53578775e-01
2.49701793e-01
2.45820762e-01
2.41937729e-01
2.38054711e-01
2.34173692e-01
2.30296620e-01
2.26425411e-01
2.22561945e-01
2.18708061e-01
2.14865561e-01
2.11036208e-01
2.07221722e-01
2.03423781e-01
1.99644019e-01
1.95884029e-01
1.92145356e-01
1.88429501e-01
1.84737917e-01
1.81072012e-01
1.77433146e-01
1.73822631e-01
1.70241731e-01
1.66691660e-01
1.63173586e-01
1.59688627e-01
1.56237850e-01
1.52822275e-01
1.49442873e-01
1.46100566e-01
1.42796225e-01
1.39530675e-01
1.36304691e-01
1.33119002e-01
1.29974287e-01
1.26871178e-01
1.23810262e-01
1.20792078e-01
1.17817121e-01
1.14885838e-01
1.11998634e-01
1.09155871e-01
1.06357865e-01
1.03604892e-01
1.00897187e-01
9.82349413e-02
9.56183100e-02
9.30474075e-02
9.05223106e-02
8.80430594e-02
8.56096576e-02
8.32220740e-02
8.08802435e-02
7.85840677e-02
7.63334166e-02
7.41281288e-02
7.19680132e-02
6.98528500e-02
6.77823915e-02
6.57563631e-02
6.37744647e-02
6.18363718e-02
5.99417362e-02
5.80901873e-02
5.62813331e-02
5.45147613e-02
5.27900404e-02
5.11067206e-02
4.94643349e-02
4.78624002e-02
4.63004183e-02
4.47778766e-02
4.32942496e-02
4.18489994e-02
4.04415768e-02
3.90714224e-02
3.77379674e-02
3.64406343e-02
3.51788380e-02
3.39519868e-02
3.27594828e-02
3.16007232e-02
3.04751004e-02
2.93820038e-02
2.83208194e-02
2.72909315e-02
2.62917228e-02
2.53225753e-02
2.43828708e-02
2.34719917e-02
2.25893217e-02
2.17342459e-02
2.09061520e-02
2.01044303e-02
1.93284745e-02
1.85776821e-02
1.78514549e-02
1.71491992e-02
1.64703267e-02
1.58142545e-02
1.51804055e-02
1.45682090e-02
1.39771007e-02
1.34065232e-02
1.28559263e-02
1.23247672e-02
1.18125108e-02
1.13186296e-02
1.08426046e-02
1.03839248e-02
9.94208761e-03
9.51659919e-03
9.10697432e-03
8.71273661e-03
8.33341863e-03
7.96856195e-03
7.61771724e-03
7.28044429e-03
6.95631209e-03
6.64489883e-03
6.34579194e-03
6.05858806e-03
5.78289306e-03
5.51832199e-03
5.26449908e-03
5.02105769e-03
4.78764025e-03
4.56389818e-03
4.34949189e-03
4.14409062e-03
3.94737242e-03
3.75902402e-03
3.57874076e-03
3.40622647e-03
3.24119335e-03
3.08336189e-03
2.93246070e-03
2.78822644e-03
2.65040366e-03
2.51874467e-03
2.39300940e-03
2.27296531e-03
2.15838716e-03
2.04905697e-03
1.94476377e-03
1.84530355e-03
1.75047907e-03
1.66009968e-03
1.57398123e-03
1.49194590e-03
1.41382201e-03
1.33944395e-03
1.26865194e-03
1.20129197e-03
1.13721558e-03
1.07627974e-03
1.01834673e-03
9.63283941e-04
9.10963775e-04
8.61263485e-04
8.14065036e-04
7.69254969e-04
7.26724261e-04
6.86368189e-04
6.48086204e-04
6.11781790e-04
5.77362343e-04
5.44739045e-04
5.13826732e-04
4.84543783e-04
4.56811992e-04
4.30556458e-04
4.05705466e-04
3.82190379e-04
3.59945528e-04
3.38908104e-04
3.19018058e-04
3.00217995e-04
2.82453079e-04
2.65670936e-04
2.49821562e-04
2.34857230e-04
2.20732402e-04
2.07403644e-04
1.94829546e-04
1.82970634e-04
1.71789300e-04
1.61249718e-04
1.51317780e-04
1.41961015e-04
1.33148529e-04
1.24850933e-04
1.17040279e-04
1.09690002e-04
1.02774858e-04
9.62708625e-05
9.01552415e-05
8.44063733e-05
7.90037379e-05
7.39278675e-05
6.91602985e-05
6.46835250e-05
6.04809550e-05
5.65368674e-05
5.28363712e-05
4.93653665e-05
4.61105060e-05
4.30591599e-05
4.01993802e-05
3.75198681e-05
3.50099419e-05
3.26595066e-05
3.04590246e-05
2.83994877e-05
2.64723908e-05
2.46697059e-05
2.29838577e-05
2.14077009e-05
1.99344971e-05
1.85578944e-05
1.72719065e-05
1.60708937e-05
1.49495446e-05
1.39028582e-05
1.29261277e-05
1.20149241e-05
1.11650816e-05
1.03726826e-05
9.63404481e-06
8.94570757e-06
8.30441995e-06
7.70712886e-06
7.15096804e-06
6.63324750e-06
6.15144357e-06
5.70318947e-06
5.28626637e-06
4.89859498e-06
4.53822759e-06
4.20334057e-06
3.89222729e-06
3.60329154e-06
3.33504125e-06
3.08608275e-06
2.85511533e-06
2.64092621e-06
2.44238597e-06
2.25844427e-06
2.08812607e-06
1.93052818e-06
1.78481622e-06
1.65022211e-06
1.52604190e-06
1.41163416e-06
1.30641883e-06
1.20987670e-06
1.12154943e-06
1.04104031e-06
9.68015714e-07
9.02207427e-07
8.43415889e-07
7.91514493e-07
7.46455083e-07
7.08274788e-07
6.77104399e-07
6.53178471e-07
6.36847419e-07
6.28591859e-07
6.29039523e-07
6.38985087e-07
6.59413343e-07
6.91526146e-07
7.36773671e-07
7.96890571e-07
8.73937681e-07
9.70350022e-07
1.08899195e-06
1.23322036e-06
1.40695704e-06
1.61477127e-06
1.86197404e-06
2.15472537e-06
2.50015621e-06
2.90650681e-06
3.38328359e-06
3.94143656e-06
4.59355981e-06
5.35411762e-06
6.23969929e-06
7.26930563e-06
8.46467075e-06
9.85062299e-06
1.14554890e-05
1.33115455e-05
1.54555238e-05
1.79291717e-05
2.07798800e-05
2.40613768e-05
2.78345002e-05
3.21680522e-05
3.71397449e-05
4.28372437e-05
4.93593193e-05
5.68171142e-05
6.53355353e-05
7.50547813e-05
8.61320161e-05
9.87431981e-05
1.13085076e-04
1.29377366e-04
1.47865117e-04
1.68821276e-04
1.92549477e-04
2.19387049e-04
2.49708264e-04
2.83927842e-04
3.22504713e-04
3.65946058e-04
4.14811635e-04
4.69718402e-04
5.31345448e-04
6.00439232e-04
6.77819148e-04
7.64383421e-04
8.61115328e-04
9.69089750e-04
1.08948007e-03
1.22356537e-03
1.37273800e-03
1.53851140e-03
1.72252829e-03
1.92656908e-03
2.15256057e-03
2.40258492e-03
2.67888877e-03
2.98389259e-03
3.32020007e-03
3.69060775e-03
4.09811451e-03
4.54593114e-03
5.03748980e-03
5.57645330e-03
6.16672415e-03
6.81245328e-03
7.51804834e-03
8.28818150e-03
9.12779660e-03
1.00421156e-02
1.10366442e-02
1.21171763e-02
1.32897978e-02
1.45608887e-02
1.59371240e-02
1.74254733e-02
1.90331985e-02
2.07678496e-02
2.26372593e-02
2.46495345e-02
2.68130464e-02
2.91364180e-02
3.16285090e-02
3.42983984e-02
3.71553642e-02
4.02088606e-02
4.34684918e-02
4.69439834e-02
5.06451505e-02
5.45818630e-02
5.87640074e-02
6.32014462e-02
6.79039735e-02
7.28812684e-02
7.81428447e-02
8.36979986e-02
8.95557531e-02
9.57248003e-02
1.02213441e-01
1.09029522e-01
1.16180374e-01
1.23672743e-01
1.31512726e-01
1.39705700e-01
1.48256257e-01
1.57168135e-01
1.66444148e-01
1.76086119e-01
1.86094815e-01
1.96469882e-01
2.07209785e-01
2.18311742e-01
2.29771676e-01
2.41584156e-01
2.53742356e-01
2.66238004e-01
2.79061349e-01
2.92201131e-01
3.05644550e-01
3.19377253e-01
3.33383320e-01
3.47645262e-01
3.62144024e-01
3.76859002e-01
3.91768058e-01
4.06847561e-01
4.22072416e-01
4.37416121e-01
4.52850822e-01
4.68347383e-01
4.83875459e-01
4.99403585e-01
5.14899270e-01
5.30329100e-01
5.45658847e-01
5.60853592e-01
5.75877845e-01
5.90695684e-01
6.05270887e-01
6.19567081e-01
6.33547884e-01
6.47177063e-01
6.60418681e-01
6.73237259e-01
6.85597931e-01
6.97466599e-01
7.08810092e-01
7.19596316e-01
7.29794408e-01
7.39374881e-01
7.48309768e-01
7.56572756e-01
7.64139312e-01
7.70986811e-01
7.77094645e-01
7.82444324e-01
7.87019575e-01
7.90806417e-01
7.93793242e-01
7.95970863e-01
7.97332570e-01
7.97874160e-01
7.97593961e-01
7.96492838e-01
7.94574191e-01
7.91843935e-01
7.88310473e-01
7.83984650e-01
7.78879697e-01
7.73011169e-01
7.66396857e-01
7.59056709e-01
7.51012718e-01
7.42288824e-01
7.32910786e-01
7.22906061e-01
7.12303666e-01
7.01134043e-01
6.89428910e-01
6.77221111e-01
6.64544467e-01
6.51433617e-01
6.37923861e-01
6.24051008e-01
6.09851214e-01
5.95360829e-01
5.80616245e-01
5.65653749e-01
5.50509374e-01
5.35218760e-01
5.19817023e-01
5.04338625e-01
4.88817249e-01
4.73285694e-01
4.57775760e-01
4.42318159e-01
4.26942420e-01
4.11676812e-01
3.96548276e-01
3.81582358e-01
3.66803162e-01
3.52233302e-01
3.37893875e-01
3.23804430e-01
3.09982954e-01
2.96445868e-01
2.83208022e-01
2.70282709e-01
2.57681675e-01
2.45415150e-01
2.33491870e-01
2.21919119e-01
2.10702766e-01
1.99847313e-01
1.89355949e-01
1.79230598e-01
1.69471985e-01
1.60079692e-01
1.51052224e-01
1.42387075e-01
1.34080795e-01
1.26129056e-01
1.18526722e-01
1.11267918e-01
1.04346098e-01
9.77541104e-02
9.14842647e-02
8.55283979e-02
7.98779358e-02
7.45239543e-02
6.94572381e-02
6.46683366e-02
6.01476178e-02
5.58853189e-02
5.18715944e-02
4.80965607e-02
4.45503385e-02
4.12230912e-02
3.81050612e-02
3.51866024e-02
3.24582099e-02
2.99105471e-02
2.75344692e-02
2.53210449e-02
2.32615741e-02
2.13476039e-02
1.95709422e-02
1.79236681e-02
1.63981409e-02
1.49870065e-02
1.36832020e-02
1.24799586e-02
1.13708023e-02
1.03495540e-02
9.41032716e-03
8.54752484e-03
7.75583536e-03
7.03022708e-03
6.36594212e-03
5.75848950e-03
5.20363749e-03
4.69740548e-03
4.23605536e-03
3.81608260e-03
3.43420698e-03
3.08736323e-03
2.77269149e-03
2.48752774e-03
2.22939425e-03
1.99599010e-03
1.78518180e-03
1.59499409e-03
1.42360094e-03
1.26931677e-03
1.13058789e-03
1.00598430e-03
8.94191706e-04
7.94003895e-04
7.04315408e-04
6.24114550e-04
5.52476725e-04
4.88558110e-04
4.31589657e-04
3.80871425e-04
3.35767235e-04
2.95699643e-04
2.60145217e-04
2.28630125e-04
2.00725996e-04
1.76046077e-04
1.54241643e-04
1.34998672e-04
1.18034757e-04
1.03096254e-04
8.99556445e-05
7.84091086e-05
6.82742872e-05
5.93882317e-05
5.16055220e-05
4.47965447e-05
3.88459208e-05
3.36510705e-05
2.91209079e-05
2.51746532e-05
2.17407562e-05
1.87559192e-05
1.61642152e-05
1.39162895e-05
1.19686412e-05
1.02829755e-05
8.82562191e-06
7.56701151e-06
6.48120909e-06
5.54549389e-06
4.73998526e-06
4.04730853e-06
3.45229735e-06
2.94172884e-06
2.50408832e-06
2.12936058e-06
1.80884493e-06
1.53499168e-06
1.30125759e-06
1.10197841e-06
9.32256581e-07
7.87862429e-07
6.65147381e-07
5.60967810e-07
4.72618326e-07
3.97773399e-07
3.34436350e-07
2.80894849e-07
2.35682121e-07
1.97543189e-07
1.65405537e-07
1.38353640e-07
1.15606884e-07
